250 -0.000543149 0.0
250 -0.000543149 0.0
250 -0.000543149 0.0
250 -0.000543149 0.0
250 -0.000543149 0.0
250 -0.000543149 0.0
250 -0.000543149 0.0
250 -0.000543149 0.0
250 -0.000543149 0.0
250 -0.000543149 0.0
250 -0.000543149 0.0
250 -0.000543149 0.0
250 -0.000543149 0.0
250 -0.000543149 0.0
250 -0.000543149 0.0
250 -0.000543149 0.0
250 -0.000543149 0.0
250 -0.000543149 0.0
250 -0.000543149 0.0
250 -0.000543149 0.0
250 -0.000543149 0.0
250 -0.000543149 0.0
250 -0.000543149 0.0
250 -0.000543149 0.0
250 -0.000543149 0.0
250 -0.000543149 0.0
250 -0.000543149 0.0
250 -0.000543149 0.0
250 -0.000543149 0.0
250 -0.000543149 0.0
250 -0.000543149 0.0
250 -0.000543149 0.0
250 -0.000543149 0.0
250 -0.000543149 0.0
250 -0.000543149 0.0
250 -0.000543149 0.0
250 -0.000543149 0.0
250 -0.000543149 0.0
250 -0.000543149 0.0
250 -0.000543149 0.0
250 -0.000543149 0.0
250 -0.000543149 0.0
250 -0.000543149 0.0
250 -0.000543149 0.0
250 -0.000543149 0.0
250 -0.000543149 0.0
250 -0.000543149 0.0
250 -0.000543149 0.0
250 -0.000543149 0.0
250 0.0219678 0.00012207
250 0.187381 0.000976563
250 0.178877 0.0020752
250 0.168303 0.00305176
250 0.161084 0.00402832
250 0.152198 0.00488281
250 0.145692 0.0057373
250 0.13769 0.0065918
250 0.131467 0.00732422
250 0.392962 0.00891113
250 0.805528 0.0126953
250 1.18819 0.0183105
250 1.47864 0.0267334
250 1.88259 0.0366211
250 2.23589 0.048584
250 2.56535 0.0623779
250 2.85999 0.078125
250 3.22341 0.0958252
250 3.58899 0.115601
250 3.90878 0.137207
250 4.2733 0.160889
250 4.59674 0.186523
250 4.9606 0.214111
250 5.27497 0.24353
250 5.70776 0.27832
250 6.02969 0.311768
250 6.35827 0.34729
250 6.69411 0.384766
250 6.96803 0.424072
250 7.39763 0.465332
250 7.60621 0.508545
250 8.08809 0.553711
250 8.31702 0.600708
250 8.74901 0.649536
250 9.10168 0.700439
250 9.45809 0.753296
250 9.72029 0.808105
250 10.1172 0.864746
250 10.5283 0.923462
250 10.9247 0.984131
250 11.2322 1.04675
250 11.5738 1.11121
250 11.8762 1.17761
250 12.28 1.24597
250 12.6829 1.31641
250 13.1235 1.38892
250 13.4771 1.4635
250 13.8556 1.54016
250 14.2406 1.61902
250 14.731 1.70813
250 15.1664 1.7915
250 15.6404 1.87732
250 16.0929 1.96643
250 16.5062 2.05835
250 16.9368 2.15271
250 17.3898 2.24976
250 17.8698 2.34924
250 18.3572 2.45117
250 18.8344 2.55591
250 19.3139 2.66321
250 19.8025 2.77332
250 20.2832 2.88623
250 20.7972 3.00195
250 21.3476 3.12085
250 21.9117 3.24292
250 22.4904 3.36804
250 23.0894 3.49646
250 23.6707 3.62805
250 24.2531 3.76318
250 24.8638 3.90259
250 25.5497 4.04614
250 26.2604 4.19409
250 26.9473 4.34619
250 27.6331 4.50244
250 28.3312 4.66272
250 29.0915 4.82727
250 29.8345 4.99646
250 30.5668 5.17004
250 31.1746 5.3479
250 31.9546 5.52954
20 32.792 5.71619
20 33.5786 5.90759
20 34.6255 6.10461
20 35.7295 6.30823
20 35.7722 6.51538
20 35.7301 6.72241
20 35.7256 6.92944
20 35.716 7.13684
20 35.7059 7.34424
20 35.6946 7.55176
20 35.6798 7.75952
20 35.6685 7.96741
20 35.6577 8.17542
20 35.3882 8.38281
20 34.8109 8.58789
20 33.9508 8.78894
20 33.5112 8.98633
20 33.086 9.1814
20 32.7182 9.37427
20 32.3671 9.58435
20 32.1257 9.7926
20 31.8211 9.99927
20 31.6868 10.205
20 31.6016 10.4099
250 31.5215 10.6144
250 31.0736 10.8176
250 30.591 11.0175
250 29.9405 11.2141
250 29.3467 11.4067
250 28.8414 11.5958
250 28.3098 11.7817
250 27.8575 11.9645
250 27.3754 12.1443
250 26.6221 12.3202
250 26.071 12.4919
250 25.5547 12.6603
250 24.9364 12.825
250 24.448 12.9862
250 23.9622 13.1442
250 23.3322 13.2985
250 22.8186 13.4493
250 22.2837 13.5966
250 21.6006 13.74
250 21.1048 13.8799
250 20.5839 14.0161
250 19.9561 14.1487
250 19.5362 14.2781
250 18.991 14.4042
250 18.3435 14.5266
250 17.8718 14.6453
250 17.2048 14.7601
250 16.6796 14.8712
250 16.1995 14.979
250 15.5294 15.083
250 15.0653 15.1835
250 14.5538 15.2805
250 13.9473 15.374
250 13.4661 15.464
250 12.7997 15.5502
250 12.3592 15.6329
250 11.6829 15.7115
250 11.1939 15.787
250 10.6201 15.8585
250 10.0758 15.9264
250 9.54492 15.9908
250 9.0003 16.0516
250 8.52777 16.1093
250 7.89168 16.1627
250 7.33245 16.2128
250 6.77678 16.2589
250 6.23705 16.3016
250 5.68807 16.3407
250 5.14533 16.3761
250 4.58443 16.4081
250 4.0299 16.4362
250 3.50553 16.4608
250 2.9426 16.4821
250 2.38578 16.4994
250 1.86341 16.5131
250 1.2853 16.5233
250 0.727472 16.5299
250 0.193573 16.5328
250 -0.34692 16.5323
250 -0.877511 16.5282
250 -1.36426 16.5206
250 -1.91281 16.5094
250 -2.45248 16.495
250 -3.00256 16.4767
250 -3.51317 16.4552
250 -4.06746 16.4298
250 -4.59887 16.4012
250 -5.14273 16.369
250 -5.66628 16.3334
250 -6.20626 16.2941
250 -6.75528 16.2513
250 -7.32702 16.2047
250 -7.89993 16.1544
250 -8.48009 16.1005
250 -9.06678 16.0424
250 -9.68613 15.9806
250 -10.2509 15.9147
250 -10.7777 15.8456
250 -11.5342 15.7721
250 -12.3575 15.693
250 -13.2476 15.6085
250 -13.9875 15.5189
250 -14.639 15.4241
250 -14.6029 15.3281
250 -14.5352 15.2323
250 -14.6423 15.1364
250 -4.71629 15.1707
250 -3.20554 15.147
250 0.406787 15.1842
250 2.00808 15.2379
250 2.71684 15.2537
250 3.02762 15.2722
250 4.10089 15.3053
250 4.86314 15.3424
250 5.61273 15.3838
250 5.8751 15.4213
250 6.58195 15.4679
250 7.12171 15.5177
250 7.81008 15.5712
250 8.3819 15.6263
250 9.04979 15.6862
250 9.60121 15.7501
250 10.191 15.818
250 10.8061 15.8905
250 11.4732 15.9701
250 12.2067 16.0531
250 12.8952 16.1422
250 13.5224 16.2372
250 14.0234 16.3282
250 14.776 16.4327
250 15.2035 16.5316
250 16.0186 16.6449
250 16.7744 16.7599
250 17.5853 16.8766
250 18.3989 17.0013
250 18.9035 17.1246
250 19.703 17.2577
250 20.4456 17.3961
250 21.2495 17.5414
250 21.8376 17.684
250 22.7508 17.8383
250 23.6122 17.9969
250 24.2879 18.1552
250 25.2088 18.3278
250 25.9284 18.4967
250 26.8555 18.6771
250 27.8309 18.8636
250 28.7878 19.0555
250 29.6306 19.2487
250 30.6166 19.4554
250 31.4529 19.6608
250 32.4967 19.8773
250 33.3351 20.0951
250 34.3958 20.3268
250 35.4703 20.558
250 36.47 20.796
250 37.4235 21.0468
250 38.4067 21.2975
250 39.4135 21.5551
250 40.5568 21.8197
250 41.6374 22.0917
250 42.5553 22.3702
250 43.6183 22.6554
250 44.8065 22.9479
250 45.8174 23.2477
250 46.4076 23.5533
250 46.4049 23.8597
250 46.3974 24.1661
250 46.3821 24.4723
250 46.3663 24.7784
250 46.3518 25.0787
250 46.3366 25.3616
250 46.7847 25.6457
250 47.279 25.9329
250 47.7685 26.2231
250 48.2955 26.5164
250 48.8144 26.8128
250 49.3253 27.1125
250 49.8215 27.4152
250 50.3699 27.7209
250 50.9039 28.0302
250 51.4204 28.3426
250 51.9261 28.658
250 52.5145 28.977
250 53.0745 29.2994
250 53.5609 29.6249
250 54.1613 29.9539
250 54.7721 30.2866
250 55.2636 30.6224
250 55.8499 30.9618
250 56.4956 31.3049
250 57.0492 31.6515
250 57.6059 32.0016
250 58.249 32.3555
250 58.8207 32.7129
250 59.3992 33.0737
250 60.0431 33.4385
250 60.6077 33.8068
250 61.2343 34.1789
250 61.8231 34.5545
250 62.4885 34.9341
250 63.0568 35.3174
250 63.6956 35.7043
250 64.3407 36.0953
250 64.91 36.4899
250 65.6157 36.8883
250 66.2336 37.2908
250 66.7835 37.6968
250 67.5398 38.1071
250 68.1308 38.5214
250 68.8073 38.9392
250 69.4945 39.3615
250 70.1023 39.7875
250 70.8425 40.2177
250 71.4278 40.6521
250 72.1041 41.0902
250 72.7512 41.5327
250 73.4893 41.9793
250 74.0384 42.4295
250 74.8616 42.8839
250 75.4653 43.343
250 76.224 43.8057
250 76.8899 44.2735
250 77.5423 44.7446
250 78.3125 45.2208
250 78.8831 45.7006
250 79.7278 46.1851
250 80.2266 46.6734
250 81.1245 47.1661
250 81.6477 47.6632
250 82.4633 48.1642
250 83.093 48.67
250 83.8264 49.1796
250 84.508 49.6939
250 85.2727 50.2123
250 85.9713 50.7354
250 86.7921 51.2626
250 87.4491 51.7947
250 88.2467 52.3308
250 88.8844 52.8717
250 89.1356 53.4155
250 89.0981 53.9596
250 89.0549 54.5033
250 89.0097 55.0468
250 88.9649 55.59
250 88.9201 56.1329
250 88.8743 56.6756
250 89.081 57.2187
250 89.6728 57.7646
250 89.9745 58.3131
250 90.5817 58.8644
250 90.9369 59.4183
250 91.4257 59.9751
250 91.8269 60.5344
250 92.3094 61.0968
250 92.7297 61.6616
250 93.1865 62.2294
250 93.7122 62.7999
250 94.0949 63.3732
250 94.6241 63.9492
250 94.9845 64.5281
250 95.5533 65.1099
250 95.9352 65.6944
250 96.4359 66.282
250 96.9109 66.872
250 97.3157 67.4652
250 97.832 68.0608
250 98.1797 68.6594
250 98.7289 69.2606
250 99.106 69.8646
250 99.6701 70.4716
250 100.047 71.0811
250 100.516 71.6938
250 101.069 72.309
250 101.499 72.9274
250 101.964 73.5486
250 102.378 74.1726
250 102.907 74.7996
250 103.436 75.4294
250 103.801 76.0623
250 104.373 76.6981
250 104.827 77.3366
250 105.247 77.9782
250 105.807 78.6226
250 106.152 79.2697
250 106.713 79.92
250 107.158 80.5728
250 107.572 81.2287
250 108.106 81.8272
250 108.489 82.4284
250 108.961 83.032
250 109.326 83.6378
250 109.767 84.2463
250 110.29 84.8572
250 110.7 85.4705
250 111.132 86.0863
250 111.529 86.7045
250 112.028 87.3253
250 112.518 87.9484
250 112.857 88.5741
250 113.402 89.2023
250 113.793 89.8328
250 114.22 90.466
250 114.728 91.1014
250 115.045 91.7393
250 115.584 92.3797
250 115.964 93.0223
250 116.407 93.6676
250 116.898 94.3151
250 117.311 94.9653
250 117.769 95.618
250 118.181 96.2729
250 118.654 96.9304
250 119.106 97.5905
250 119.522 98.2529
250 120.004 98.918
250 120.474 99.5856
250 120.873 100.255
250 121.332 100.928
250 121.855 101.603
250 122.2 102.281
250 122.66 102.961
250 123.182 103.643
250 123.5 104.328
250 124.024 105.015
250 124.457 105.705
250 124.866 106.397
250 125.366 107.092
250 125.792 107.789
250 126.246 108.489
250 126.361 109.19
250 126.3 109.892
250 126.228 110.593
250 126.16 111.293
250 126.091 111.993
250 126.018 112.693
250 125.949 113.392
250 125.878 114.091
250 126.05 114.791
250 126.34 115.491
250 126.706 116.194
250 126.973 116.898
250 127.244 117.604
250 127.572 118.311
250 127.862 119.02
250 128.114 119.731
250 128.483 120.443
250 128.716 121.157
250 129.003 121.873
250 129.353 122.59
250 129.628 123.309
250 129.952 124.029
250 130.212 124.752
250 130.575 125.476
250 130.801 126.201
250 131.128 126.929
250 131.472 127.658
250 131.765 128.388
250 132.001 129.12
250 132.344 129.854
250 132.666 130.59
250 132.886 131.327
250 133.224 132.066
250 133.52 132.807
250 133.829 133.549
250 134.07 134.293
250 134.458 135.038
250 134.701 135.785
250 135.046 136.534
250 135.304 137.285
250 135.663 138.037
250 135.916 138.791
250 136.231 139.546
250 136.555 140.304
250 136.89 141.063
250 137.14 141.823
250 137.414 142.586
250 137.76 143.35
250 138.072 144.115
250 138.301 144.882
250 138.647 145.651
250 138.962 146.422
250 139.216 147.194
250 139.554 147.968
250 139.819 148.744
250 140.195 149.521
250 140.448 150.3
250 140.775 151.081
250 141.072 151.863
250 141.39 152.647
250 141.718 153.433
250 141.948 154.221
250 142.258 155.01
250 142.615 155.801
250 142.931 156.593
250 143.165 157.387
250 143.477 158.183
250 143.829 158.981
250 144.08 159.78
250 144.419 160.581
250 144.67 161.384
250 145.011 162.188
250 145.363 162.994
250 145.618 163.802
250 145.924 164.611
250 146.249 165.422
250 146.558 166.235
250 146.891 167.05
250 147.165 167.866
250 147.416 168.684
250 147.754 169.503
250 148.082 170.324
250 148.374 171.147
250 148.658 171.972
250 148.927 172.798
250 149.288 173.626
250 149.599 174.456
250 149.868 175.287
250 150.198 176.12
250 150.509 176.955
250 150.795 177.792
250 151.12 178.63
250 151.434 179.47
250 151.7 180.311
250 151.963 181.154
250 152.28 181.999
250 152.622 182.846
250 152.941 183.694
250 153.217 184.544
250 153.476 185.396
250 153.784 186.249
250 154.125 187.104
250 154.416 187.96
250 154.698 188.818
250 154.993 189.678
250 155.314 190.54
250 155.631 191.403
250 155.899 192.268
250 156.182 193.135
250 156.486 194.003
250 156.803 194.873
250 157.117 195.745
250 157.439 196.618
250 157.712 197.493
250 157.989 198.37
250 158.302 199.248
250 158.598 200.128
250 158.88 201.009
250 159.168 201.892
250 159.432 202.777
250 159.737 203.663
250 160.076 204.551
250 160.388 205.441
250 160.682 206.333
250 160.955 207.226
250 161.266 208.12
250 161.546 209.017
250 161.855 209.915
250 162.163 210.815
250 162.445 211.716
250 162.701 212.619
250 162.966 213.523
250 163.044 214.429
250 162.932 215.334
250 162.817 216.239
250 162.703 217.142
250 162.59 218.046
250 162.475 218.948
250 162.361 219.85
250 162.245 220.752
250 162.353 221.653
250 162.528 222.555
250 162.727 223.459
250 162.933 224.363
250 163.126 225.268
250 163.314 226.175
250 163.5 227.083
250 163.687 227.991
250 163.886 228.901
250 164.058 229.812
250 164.251 230.724
250 164.445 231.637
250 164.641 232.551
250 164.846 233.466
250 165.052 234.383
250 165.252 235.3
250 165.437 236.218
250 165.607 237.137
250 165.787 238.058
250 165.948 238.979
250 166.169 239.902
250 166.358 240.826
250 166.546 241.75
250 166.736 242.676
250 166.926 243.603
250 167.096 244.531
250 167.272 245.46
250 167.462 246.389
250 167.663 247.32
250 167.878 248.253
250 168.077 249.186
250 168.282 250.12
250 168.474 251.056
250 168.665 251.992
250 168.858 252.93
250 169.041 253.868
250 169.243 254.808
250 169.447 255.749
250 169.66 256.691
250 169.857 257.634
250 170.061 258.578
250 170.256 259.524
250 170.45 260.47
250 170.635 261.418
250 170.826 262.366
250 171.013 263.316
250 171.212 264.267
250 171.414 265.219
250 171.615 266.171
250 171.828 267.126
250 172.027 268.081
250 172.233 269.037
250 172.43 269.994
250 172.626 270.953
250 172.819 271.912
250 173.023 272.873
250 173.202 273.835
250 173.396 274.797
250 173.579 275.761
20 173.78 276.726
20 173.954 277.692
20 174.091 278.659
20 174.19 279.626
20 174.25 280.594
20 174.281 281.562
20 174.268 282.53
20 174.215 283.498
20 174.125 284.466
20 173.996 285.432
20 173.83 286.398
20 173.459 287.363
20 172.792 288.325
20 171.755 289.281
20 170.618 290.232
20 169.221 291.176
20 167.518 292.11
20 165.702 293.035
250 163.713 293.949
250 161.98 294.852
250 161.716 295.751
250 161.614 296.648
250 161.502 297.546
250 161.39 298.442
250 161.28 299.338
250 161.172 300.233
250 161.058 301.128
250 161.258 302.022
250 161.541 302.919
250 161.858 303.816
250 162.17 304.716
250 162.45 305.617
250 162.705 306.519
250 162.977 307.423
250 163.064 308.329
250 162.953 309.234
250 162.844 310.138
250 162.734 311.041
250 162.627 311.944
250 162.521 312.846
250 162.415 313.748
250 162.306 314.649
250 162.428 315.55
250 162.617 316.452
250 162.793 317.354
250 162.99 318.258
250 163.202 319.163
250 163.42 320.069
250 163.609 320.977
250 163.795 321.885
250 164.009 322.794
250 164.215 323.704
250 164.428 324.616
250 164.638 325.528
250 164.836 326.441
250 164.997 327.356
250 165.19 328.271
99.9465 165.414 329.188
250 165.613 330.106
250 165.811 331.024
97.95 165.999 331.944
97.5114 166.176 332.864
96.8934 166.314 333.785
96.1459 166.428 334.707
250 166.49 335.63
250 166.629 336.552
94.1342 166.828 337.476
93.6688 167.001 338.401
93.0366 167.157 339.326
92.2841 167.28 340.252
250 167.355 341.179
250 167.527 342.106
250 167.7 343.034
89.6809 167.924 343.962
89.1402 168.122 344.892
88.4684 168.254 345.823
250 168.357 346.754
250 168.498 347.686
250 168.715 348.619
85.9943 168.935 349.552
85.4968 169.134 350.487
84.8434 169.281 351.422
250 169.392 352.359
250 169.524 353.295
102.717 169.783 354.233
102.22 169.947 355.171
81.9684 170.079 356.11
81.5549 170.185 357.049
80.921 170.261 357.989
99.7313 170.309 358.929
98.9732 170.309 359.869
98.4148 170.265 360.808
97.948 170.192 361.747
78.3016 170.088 362.685
77.8603 169.953 363.622
77.2614 169.556 364.558
95.4409 168.89 365.49
94.62 168.038 366.418
94.0125 166.835 367.34
93.5092 165.28 368.254
93.0981 163.787 369.159
92.644 161.91 370.054
92.1654 159.655 370.938
91.7081 157.838 371.811
91.2339 155.792 372.671
73.255 155.219 373.525
73.2322 154.546 374.376
72.9644 153.719 375.222
72.5677 152.549 376.061
89.2977 151.031 376.893
88.4953 149.367 377.716
87.8981 147.233 378.565
87.4801 146.465 379.407
20 146.785 380.251
20 147.045 381.098
20 147.213 381.947
20 147.345 382.799
20 147.448 383.653
20 147.495 384.509
20 147.486 385.367
85.2801 147.436 386.226
84.9588 147.339 387.086
84.6551 147.2 387.946
84.3931 146.832 388.807
84.1533 146.147 389.665
83.9263 145.246 390.52
83.7522 144.046 391.369
83.6649 142.402 392.212
83.5418 140.666 393.045
83.4383 138.759 393.869
83.317 138.174 394.684
69.1005 138.423 395.501
69.1202 138.699 396.321
82.9024 138.897 397.142
82.3835 139.036 397.965
81.9448 139.107 398.789
81.5178 139.154 399.614
81.0654 139.15 400.44
80.6105 139.094 401.265
80.1626 139.007 402.091
79.7526 138.866 402.917
79.3718 138.476 403.741
79.021 137.831 404.563
78.6683 136.949 405.38
78.3614 135.73 406.191
78.0304 134.159 406.993
77.7931 132.45 407.787
77.6047 131.155 408.57
77.524 130.147 409.348
77.4571 128.862 410.118
250 127.333 410.88
250 126.638 411.634
250 126.557 412.387
250 126.476 413.139
250 126.387 413.891
250 126.645 414.643
250 126.76 415.396
250 126.683 416.149
76.4697 126.606 416.902
76.0398 126.52 417.728
75.6256 126.436 418.554
75.2679 126.351 419.379
74.9955 126.267 420.203
74.8058 126.171 421.025
74.663 126.159 421.847
74.4766 126.167 422.669
74.2499 126.134 423.49
73.9671 126.044 424.31
73.6632 125.91 425.128
73.3952 125.551 425.944
73.2112 124.888 426.757
73.0412 123.922 427.563
72.8493 122.566 428.361
72.7124 121.036 429.149
72.6108 120.539 429.928
72.5437 120.459 430.67
72.4089 120.375 431.404
72.199 120.541 432.138
71.991 120.803 432.873
71.7155 120.956 433.611
71.4082 121.03 434.349
71.1166 121.104 435.088
70.81 121.058 435.827
70.4913 120.969 436.565
70.2058 120.808 437.304
69.966 120.411 438.04
69.7291 119.705 438.773
69.5195 118.537 439.501
69.3486 117.38 440.222
69.1787 115.874 440.934
69.0053 113.933 441.635
250 113.378 442.329
250 113.792 443.023
69.0612 114.273 443.72
69.035 114.83 444.42
68.8815 115.239 445.123
68.5844 115.525 445.828
68.1719 115.752 446.535
67.7544 115.965 447.243
67.3428 116.076 447.951
66.9236 116.109 448.66
66.5591 116.107 449.369
66.2566 116.026 450.078
65.9896 115.911 450.826
65.8018 115.479 451.573
65.6363 114.769 452.317
65.4578 113.825 453.055
65.3839 112.385 453.786
65.2102 112.351 454.512
65.1424 112.642 455.24
65.0224 112.981 455.97
64.8717 113.207 456.702
64.6592 113.373 457.436
64.3757 113.451 458.171
64.0835 113.473 458.906
63.791 113.427 459.641
63.4977 113.323 460.376
63.2294 113.05 461.11
63.0086 112.52 461.842
62.7779 111.686 462.569
62.5637 110.512 463.29
62.3904 109.121 464.002
62.2264 107.301 464.704
250 107.17 465.399
62.1524 107.529 466.096
62.2948 108.022 466.796
62.3115 108.46 467.499
62.2302 108.767 468.204
62.0158 108.929 468.911
250 109.154 469.619
250 109.566 470.329
250 109.978 471.042
250 110.509 471.758
250 110.96 472.477
250 111.343 473.2
61.8993 111.907 473.925
61.9689 112.342 474.653
61.8972 112.66 475.384
250 112.95 476.117
250 113.407 476.852
250 113.791 477.591
250 114.325 478.332
61.814 114.851 479.077
61.8365 115.267 479.824
250 115.557 480.574
250 116.035 481.327
250 116.558 482.082
250 116.998 482.841
250 117.451 483.603
61.776 117.972 484.368
61.7665 118.377 485.135
71.6791 118.697 485.906
71.4952 118.995 486.678
71.4396 119.267 487.452
71.4648 119.407 488.228
71.5339 119.481 489.004
71.622 119.511 489.78
71.7448 119.459 490.556
61.7878 119.344 491.332
61.8379 119.21 492.107
61.7949 118.753 492.88
250 118.008 493.649
250 118.06 494.415
61.9793 118.471 495.184
62.1823 119.078 495.956
62.1895 119.406 496.731
62.0466 119.664 497.507
71.8661 119.897 498.286
71.5579 120.086 499.065
71.3584 120.161 499.846
71.2567 120.188 500.626
71.2225 120.116 501.407
71.2749 120.011 502.187
71.3903 119.823 502.966
71.5719 119.463 503.743
71.8288 118.654 504.516
61.9876 117.542 505.283
62.1694 116.334 506.042
62.296 114.705 506.792
62.3968 112.837 507.53
62.5123 111.14 508.258
62.8057 110.413 508.976
63.3018 110.844 509.694
63.8458 111.261 510.415
64.222 111.512 511.139
64.3028 111.695 511.864
64.1514 111.911 512.59
63.8407 112.014 513.317
63.4159 112.023 514.045
62.9797 112.011 514.772
62.601 111.918 515.499
62.2702 111.797 516.226
62.0002 111.35 516.95
250 110.604 517.671
250 110.678 518.389
61.896 111.195 519.111
62.078 111.717 519.835
62.1142 112.073 520.561
61.9705 112.328 521.29
250 112.592 522.021
250 112.969 522.753
250 113.344 523.489
250 113.914 524.227
250 114.401 524.969
250 114.831 525.713
61.8507 115.243 526.461
61.8745 115.745 527.212
250 116.064 527.965
250 116.456 528.721
250 117.017 529.479
250 117.466 530.24
61.8249 117.89 531.005
61.8285 118.289 531.773
71.7744 118.714 532.543
71.6183 119.019 533.315
71.5165 119.157 534.089
71.4804 119.342 534.863
71.5129 119.447 535.639
71.5899 119.467 536.415
71.728 119.395 537.191
71.9013 119.289 537.966
61.9107 119.101 538.74
62.0283 118.688 539.512
62.0177 117.96 540.28
61.9756 116.83 541.043
250 115.552 541.798
61.9938 115.275 542.546
62.2965 115.746 543.297
62.544 116.223 544.051
62.6519 116.541 544.806
62.5526 116.734 545.564
62.2564 116.89 546.322
250 116.991 547.082
250 117.314 547.842
250 117.723 548.605
250 118.287 549.372
250 118.797 550.141
250 119.236 550.914
250 119.612 551.689
250 120.163 552.468
250 120.623 553.25
250 121.004 554.034
250 121.461 554.821
250 121.994 555.612
250 122.504 556.405
64.1904 122.933 557.202
64.5479 123.283 558.001
250 123.71 558.803
250 124.163 559.607
250 124.581 560.414
250 124.969 561.225
250 125.125 562.037
250 125.027 562.849
250 124.926 563.66
250 124.82 564.47
250 124.712 565.28
250 124.608 566.089
250 124.504 566.897
250 124.691 567.705
250 124.939 568.515
250 125.272 569.328
250 125.628 570.142
250 125.975 570.958
250 126.219 571.776
250 126.543 572.597
250 126.896 573.419
250 127.242 574.243
250 127.581 575.07
250 127.875 575.898
250 128.158 576.728
250 128.522 577.56
250 128.869 578.393
250 129.18 579.229
250 129.466 580.066
250 129.798 580.905
250 130.151 581.745
250 130.448 582.587
250 130.765 583.431
250 131.093 584.276
250 131.457 585.122
250 131.763 585.969
250 132.059 586.819
250 132.401 587.669
250 132.756 588.521
250 133.11 589.374
250 133.403 590.227
250 133.717 591.082
250 134.101 591.938
250 134.463 592.794
250 134.797 593.651
250 135.107 594.508
250 135.465 595.366
250 135.769 596.223
250 136.077 597.081
250 136.468 597.939
250 136.836 598.796
250 137.081 599.653
250 137.446 600.51
250 137.848 601.366
250 138.172 602.221
250 138.501 603.075
250 138.87 603.928
250 139.124 604.78
250 139.5 605.63
250 139.901 606.479
250 140.122 607.323
250 140.561 608.153
250 140.871 608.985
250 141.231 609.82
250 141.583 610.656
250 141.87 611.494
250 142.315 612.335
250 142.572 613.177
250 142.987 614.022
250 143.381 614.868
250 143.684 615.717
250 144.048 616.568
250 144.411 617.421
250 144.687 618.279
250 145.046 619.141
250 145.34 620.007
250 145.654 620.877
250 146.03 621.751
250 146.262 622.628
250 146.63 623.51
250 147.07 624.395
250 147.323 625.283
250 147.711 626.176
250 148.091 627.072
250 148.423 627.972
250 148.689 628.876
250 149.021 629.783
250 149.344 630.694
250 149.739 631.609
250 150.095 632.527
250 150.396 633.449
250 150.679 634.374
250 151.032 635.303
250 151.399 636.235
250 151.7 637.171
250 151.962 638.11
250 152.33 639.053
250 152.718 639.999
250 152.991 640.948
250 153.334 641.901
250 153.704 642.857
250 154.073 643.816
250 154.356 644.778
250 154.66 645.743
250 155.012 646.712
250 155.355 647.684
250 155.725 648.659
94.3594 156.071 649.637
93.4596 156.321 650.617
92.5236 156.564 651.6
91.5666 156.749 652.586
90.6054 156.893 653.573
89.6064 156.981 654.562
88.5546 157.008 655.551
87.4666 156.975 656.541
86.3672 156.893 657.532
85.2622 156.757 658.522
84.146 156.57 659.512
83.0083 156.149 660.5
81.8553 155.441 661.485
80.6815 154.476 662.465
79.4974 153.269 663.438
78.2513 151.778 664.403
76.8535 150.137 665.357
75.235 148.404 666.302
250 147.068 667.236
250 146.441 668.165
250 146.551 669.092
89.0259 146.911 670.021
88.8122 147.238 670.952
88.6811 147.482 671.884
88.5527 147.66 672.818
88.3571 147.822 673.752
88.0778 147.922 674.688
87.7056 147.951 675.623
87.298 147.925 676.558
86.898 147.86 677.492
86.6661 147.743 678.426
86.5706 147.57 679.359
86.5659 147.139 680.289
86.6235 146.399 681.216
86.6951 145.339 682.137
86.7626 144.008 683.05
250 142.402 683.953
250 141.949 684.849
250 142.284 685.745
250 142.648 686.644
250 142.999 687.544
250 143.318 688.447
250 143.611 689.352
250 143.905 690.258
250 144.235 691.167
86.8501 144.589 692.077
86.2702 144.88 692.989
85.7946 145.087 693.902
85.4248 145.275 694.817
85.1429 145.429 695.732
84.9367 145.526 696.648
84.7856 145.566 697.564
84.666 145.544 698.48
84.5541 145.465 699.396
84.3992 145.344 700.31
84.294 145.183 701.224
84.2184 144.75 702.136
84.2059 144.05 703.043
84.1482 143.006 703.945
84.0809 141.666 704.839
84.0074 140.038 705.724
250 138.272 706.598
250 137.757 707.463
250 138.0 708.328
250 138.347 709.196
250 138.728 710.066
250 139.094 710.938
250 139.417 711.812
250 139.727 712.688
250 140.023 713.566
250 140.349 714.446
250 140.669 715.328
250 141.009 716.211
250 141.347 717.096
250 141.652 717.984
85.8951 141.928 718.872
250 142.169 719.763
250 142.488 720.656
250 142.837 721.55
250 143.162 722.447
250 143.472 723.345
86.8208 143.777 724.245
250 144.068 725.147
250 144.405 726.051
250 144.722 726.957
87.0016 145.01 727.864
87.3014 145.267 728.774
87.4067 145.501 729.684
87.3932 145.7 730.597
87.2726 145.846 731.51
250 145.932 732.423
250 146.186 733.338
87.8216 146.5 734.254
88.2049 146.726 735.172
88.3709 146.956 736.092
88.3626 147.142 737.013
88.2149 147.285 737.934
87.9804 147.379 738.857
250 147.418 739.779
250 147.675 740.703
250 148.002 741.628
88.0478 148.313 742.555
88.3649 148.59 743.484
88.4549 148.823 744.414
88.4099 148.983 745.346
88.2896 149.115 746.278
250 149.189 747.211
250 149.416 748.145
88.4632 149.725 749.081
88.7686 150.031 750.019
88.8897 150.27 750.958
88.828 150.459 751.898
88.6274 150.589 752.84
250 150.658 753.782
250 150.878 754.724
250 151.174 755.669
88.816 151.472 756.615
89.158 151.788 757.564
89.3246 152.02 758.514
89.2878 152.219 759.465
89.1623 152.343 760.417
88.9456 152.421 761.37
250 152.439 762.322
250 152.683 763.276
250 152.977 764.231
89.3497 153.293 765.188
89.714 153.526 766.147
89.8297 153.759 767.108
89.8238 153.943 768.07
89.6907 154.082 769.033
89.4948 154.158 769.996
89.2437 154.185 770.959
250 154.154 771.923
250 154.371 772.887
250 154.698 773.852
89.6395 155.009 774.82
89.9827 155.291 775.789
90.0445 155.504 776.76
89.9291 155.685 777.733
89.7275 155.792 778.706
89.4969 155.859 779.679
250 155.879 780.653
250 156.077 781.628
89.5099 156.384 782.604
89.8073 156.673 783.582
89.8927 156.907 784.562
89.8207 157.083 785.543
89.6343 157.242 786.525
250 157.307 787.508
250 157.569 788.491
250 157.885 789.476
90.0112 158.197 790.463
90.3274 158.473 791.452
90.3878 158.693 792.442
90.275 158.86 793.434
90.1054 158.971 794.427
89.8175 159.032 795.42
250 159.04 796.413
250 159.21 797.407
250 159.52 798.402
89.9452 159.826 799.4
90.2645 160.111 800.399
90.308 160.342 801.4
90.1589 160.518 802.403
89.8862 160.64 803.406
250 160.709 804.409
250 160.927 805.414
250 161.238 806.42
250 161.615 807.428
90.054 161.94 808.438
90.2315 162.207 809.45
90.1439 162.423 810.464
250 162.586 811.479
250 162.863 812.495
250 163.167 813.512
89.9341 163.47 814.532
90.082 163.741 815.554
250 163.96 816.577
250 164.239 817.602
250 164.24 818.627
90.1361 164.099 819.652
90.2743 163.967 820.677
90.2767 163.834 821.7
90.2135 163.701 822.722
90.118 163.568 823.744
250 163.436 824.765
90.1315 163.561 825.785
90.2517 163.733 826.807
90.1714 163.868 827.829
250 163.937 828.853
250 164.098 829.877
250 164.3 830.902
250 164.499 831.929
90.0812 164.708 832.956
90.1362 164.885 833.985
250 165.025 835.015
250 165.206 836.046
250 165.401 837.078
90.2122 165.599 838.111
90.384 165.756 839.145
90.3264 165.893 840.181
250 165.986 841.217
250 166.149 842.253
250 166.343 843.291
90.3027 166.537 844.331
90.5136 166.714 845.371
90.4981 166.859 846.412
250 166.95 847.454
250 167.118 848.497
250 167.319 849.541
90.8339 167.512 850.586
91.24 167.682 851.632
91.3824 167.817 852.679
250 167.91 853.727
250 168.071 854.776
250 168.261 855.826
92.4795 168.458 856.877
93.0384 168.63 857.929
93.3375 168.78 858.982
250 168.87 860.036
250 169.028 861.091
250 169.227 862.146
95.4788 169.413 863.203
97.2078 169.583 864.261
99.9421 169.713 865.32
250 169.81 866.38
250 169.977 867.44
250 170.194 868.502
250 170.409 869.565
250 170.611 870.629
250 170.81 871.695
250 171.009 872.761
250 171.21 873.829
250 171.419 874.898
250 171.645 875.969
250 171.863 877.04
250 172.06 878.113
250 172.259 879.187
250 172.456 880.262
250 172.66 881.339
250 172.862 882.416
250 173.089 883.494
250 173.304 884.574
250 173.5 885.655
250 173.687 886.737
250 173.891 887.819
250 174.116 888.903
250 174.315 889.988
250 174.517 891.074
105.819 174.694 892.161
104.245 174.879 893.249
102.714 175.024 894.338
250 175.12 895.427
250 175.288 896.516
250 175.506 897.606
250 175.712 898.697
250 175.929 899.789
250 176.162 900.882
250 176.369 901.975
106.896 176.562 903.069
105.834 176.736 904.164
104.772 176.874 905.258
103.703 176.963 906.353
102.63 177.028 907.446
101.555 177.046 908.539
100.475 177.015 909.631
99.3932 176.946 910.722
98.3084 176.835 911.81
97.2247 176.68 912.896
96.1419 176.483 913.98
95.0577 176.045 915.061
93.9802 175.247 916.136
92.9057 174.14 917.204
91.8403 172.713 918.263
90.7754 171.148 919.311
89.7461 169.31 920.346
88.6874 167.142 921.368
87.6375 164.831 922.375
86.6181 162.59 923.366
85.6077 160.385 924.341
84.645 159.797 925.307
83.6847 158.978 926.267
82.7223 157.815 927.221
81.756 156.584 928.165
80.7966 155.133 929.099
79.8276 153.225 930.021
78.8789 151.255 930.93
77.9165 149.493 931.827
76.9793 148.997 932.72
76.073 148.213 933.609
75.1542 147.109 934.492
74.2593 145.591 935.367
73.3689 144.45 936.234
72.421 142.614 937.091
71.4594 141.096 937.94
70.5976 140.596 938.782
69.7315 139.865 939.62
68.8967 138.586 940.453
68.0278 137.654 941.279
67.1269 136.024 942.096
66.2539 134.194 942.905
65.4167 132.967 943.703
64.6293 132.311 944.496
63.8472 131.531 945.286
63.0468 130.72 946.07
62.243 129.206 946.848
61.4583 127.827 947.618
60.6868 125.912 948.377
59.897 124.053 949.126
59.0911 122.647 949.864
58.3564 121.801 950.595
57.6024 121.102 951.322
56.8557 120.0 952.043
56.1292 118.443 952.757
55.4002 116.892 953.46
54.7023 114.769 954.155
53.9808 113.346 954.838
53.2758 111.384 955.51
52.5931 111.023 956.176
51.9162 110.194 956.896
51.2541 109.072 957.627
50.5997 107.728 958.353
50 106.136 959.071
50 104.351 959.781
50 102.53 960.483
50 101.036 961.173
50 100.497 961.859
50 99.8534 962.544
51.5304 99.0466 963.224
50.8604 97.7891 963.898
50.2236 96.3176 964.565
50 95.2544 965.223
50 94.5059 965.877
50 93.6715 966.526
50 92.5649 967.168
50 91.3142 967.803
50 90.014 968.428
50 89.2759 969.046
50 89.477 969.663
50 89.9895 970.284
50 90.1084 970.906
50 90.0294 971.528
50 89.9693 972.149
50 89.9089 972.77
50.4297 89.8529 973.39
50.0591 89.7805 974.009
50 89.7156 974.628
50 89.6441 975.246
50 89.5013 975.863
50 89.1619 976.478
50 88.4142 977.088
50 87.5278 977.693
50 86.0901 978.289
50 84.582 978.876
50 84.0527 979.453
50 84.6973 980.031
50 85.2116 980.614
50 85.7488 981.2
50 86.0492 981.788
50 86.4146 982.379
50 86.5806 982.97
50 86.6133 983.562
50 86.5958 984.154
50 86.5105 984.746
50 86.2966 985.336
50 85.8226 985.923
50 85.1782 986.507
50 83.9731 987.083
50 84.0403 987.654
50 84.6213 988.229
50 85.3209 988.808
50 85.7104 989.39
50 86.0987 989.975
50 86.368 990.562
50 86.4867 991.15
50 86.5763 991.738
50 86.5557 992.326
250 86.4382 992.914
250 86.8072 993.502
250 87.3731 994.093
250 87.6131 994.688
250 87.6286 995.282
250 87.5251 995.876
50 87.4323 996.469
50 87.3403 997.062
50 87.2558 997.653
50 87.1781 998.244
50.0592 87.1125 998.834
50.0826 87.0314 999.424
50.1383 86.9523 1000.01
50.161 86.8566 1000.6
50.188 86.7914 1001.19
50.2363 86.697 1001.78
50.2846 86.6186 1002.36
50.2642 86.2201 1002.95
50.3489 85.4086 1003.53
50.3625 84.3792 1004.1
250 83.1496 1004.67
250 83.0023 1005.23
250 83.3719 1005.79
250 83.8942 1006.36
250 83.807 1006.92
250 83.7277 1007.49
250 83.6216 1008.06
250 83.5577 1008.62
250 83.4586 1009.18
250 83.3911 1009.75
250 83.6085 1010.31
250 84.0854 1010.88
250 84.4339 1011.45
250 84.8778 1012.02
250 85.272 1012.6
250 85.655 1013.17
250 86.0912 1013.75
250 86.4195 1014.34
250 86.8404 1014.92
250 87.3177 1015.51
250 87.6312 1016.1
250 88.12 1016.7
250 88.5072 1017.29
250 88.8919 1017.89
250 89.3268 1018.5
250 89.6426 1019.1
250 90.0374 1019.71
250 90.5066 1020.32
250 90.8581 1020.93
250 91.2756 1021.55
250 91.6867 1022.16
250 92.0372 1022.78
250 92.5189 1023.41
250 92.9075 1024.03
250 93.3119 1024.66
250 93.7245 1025.29
250 94.1238 1025.93
250 94.4984 1026.56
250 94.8659 1027.14
250 95.2875 1027.73
250 95.6089 1028.31
250 95.9133 1028.9
250 96.3813 1029.49
250 96.6715 1030.08
250 97.0418 1030.67
250 97.4311 1031.27
250 97.725 1031.87
250 98.2383 1032.47
250 98.4919 1033.07
250 98.8453 1033.67
250 99.3287 1034.28
250 99.6234 1034.89
250 99.9973 1035.5
250 100.469 1036.11
250 100.725 1036.73
250 101.225 1037.34
250 101.588 1037.96
250 101.966 1038.59
250 102.348 1039.21
250 102.802 1039.84
250 103.11 1040.46
250 103.562 1041.09
250 104.025 1041.73
250 104.32 1042.36
250 104.735 1043.0
250 105.184 1043.64
250 105.648 1044.28
250 105.939 1044.92
250 106.447 1045.57
250 106.87 1046.21
250 107.241 1046.86
250 107.713 1047.51
250 108.043 1048.16
250 108.441 1048.82
250 108.981 1049.47
250 109.336 1050.13
250 109.825 1050.77
250 110.341 1051.38
250 110.72 1051.99
250 111.147 1052.6
250 111.597 1053.22
250 111.927 1053.84
250 112.474 1054.46
250 112.82 1055.08
250 113.265 1055.71
250 113.689 1056.34
250 114.155 1056.97
250 114.659 1057.61
250 115.012 1058.24
250 115.479 1058.88
250 115.946 1059.53
250 116.291 1060.17
250 116.754 1060.82
250 117.165 1061.47
250 117.619 1062.12
250 118.021 1062.78
250 118.458 1063.43
250 118.928 1064.09
250 119.299 1064.75
250 119.766 1065.42
250 120.216 1066.08
72.5109 120.597 1066.75
72.1274 121.024 1067.42
71.617 121.384 1068.1
71.0071 121.609 1068.77
250 121.851 1069.45
250 122.201 1070.13
250 122.568 1070.81
68.8527 123.081 1071.49
68.4188 123.464 1072.17
67.864 123.763 1072.86
250 124.112 1073.55
74.8383 124.431 1074.24
74.267 124.852 1074.93
73.7472 125.194 1075.63
65.3064 125.435 1076.32
64.854 125.667 1077.02
64.2795 125.819 1077.72
71.386 125.907 1078.42
70.6966 125.902 1079.12
70.1093 125.869 1079.81
69.6005 125.757 1080.51
69.1197 125.618 1081.21
61.295 125.203 1081.91
60.8592 124.55 1082.6
60.3624 123.604 1083.29
59.809 122.452 1083.97
66.3419 121.005 1084.65
65.7658 119.444 1085.31
65.1969 117.928 1085.97
64.6619 116.293 1086.62
64.3089 115.941 1087.26
57.2827 115.586 1087.9
57.0441 114.894 1088.54
56.6787 114.097 1089.18
56.2212 112.815 1089.81
55.6027 111.731 1090.43
55.0147 110.78 1091.04
60.9022 110.292 1091.66
60.3533 109.606 1092.26
59.866 108.604 1092.87
59.5187 107.483 1093.46
59.0833 106.079 1094.06
58.7388 104.492 1094.64
58.341 103.247 1095.21
58.0428 103.159 1095.78
57.7879 103.089 1096.35
51.4707 103.028 1096.92
51.1499 102.975 1097.49
56.6889 102.924 1098.06
56.2139 102.858 1098.62
55.8165 102.772 1099.19
55.4195 102.625 1099.76
55.0224 102.382 1100.32
54.6349 101.907 1100.92
54.2846 101.123 1101.54
53.9204 100.279 1102.16
53.5998 98.8934 1102.77
53.296 97.5143 1103.37
53.0508 96.3049 1103.97
52.9486 95.3839 1104.56
52.8826 94.1573 1105.15
50 92.8861 1105.73
50 91.1902 1106.3
50 90.6086 1106.87
50 91.031 1107.43
50 91.387 1108.0
50 92.1663 1108.58
51.4466 92.6085 1109.15
50.9541 92.8577 1109.73
50.3904 93.0617 1110.31
50 93.1229 1110.9
50 93.1156 1111.48
50 93.0372 1112.06
50 92.8608 1112.64
50 92.5069 1113.23
50 91.8977 1113.8
50 90.8528 1114.38
50 89.8807 1114.94
50 88.4641 1115.5
50 87.9836 1116.05
50 88.4241 1116.61
50 88.8692 1117.16
50 89.3932 1117.72
50 89.8128 1118.28
50 90.143 1118.85
50 90.3192 1119.41
50.7064 90.3976 1119.98
50.334 90.3649 1120.54
50 90.2612 1121.11
50 90.1031 1121.67
50 89.678 1122.23
50 89.0592 1122.79
50 88.0563 1123.35
50 86.8892 1123.89
50 86.7117 1124.43
50 87.1102 1124.97
50 87.5575 1125.52
50 88.032 1126.06
50.2465 88.3843 1126.61
50.4369 88.7347 1127.17
50.4878 88.8755 1127.72
50.3822 88.9129 1128.27
50.185 88.9084 1128.82
50 88.7894 1129.38
50 88.6204 1129.93
50 88.2208 1130.48
50 87.5764 1131.02
50 86.5037 1131.56
50 85.5079 1132.1
50 83.8666 1132.62
50 82.5238 1133.14
250 81.4614 1133.64
250 81.1433 1134.15
250 81.0084 1134.65
250 80.924 1135.15
250 80.8171 1135.65
250 80.7409 1136.15
250 80.6452 1136.65
250 80.5478 1137.15
250 80.4575 1137.65
250 80.3829 1138.14
250 80.3066 1138.64
250 80.2379 1139.14
250 80.1649 1139.63
250 80.1 1140.13
250 80.0318 1140.62
250 79.9603 1141.12
250 80.296 1141.62
250 80.7598 1142.11
250 81.4617 1142.62
250 82.033 1143.12
250 82.8096 1143.63
250 83.3334 1144.15
250 84.1036 1144.67
250 84.6218 1145.19
250 85.3764 1145.72
250 85.8663 1146.25
250 86.6022 1146.78
250 87.0612 1147.32
250 87.3943 1147.86
250 87.3076 1148.4
250 87.25 1148.94
250 87.1667 1149.48
250 87.1061 1150.02
250 87.0359 1150.56
250 86.9698 1151.1
250 86.9073 1151.64
250 87.2037 1152.18
250 87.437 1152.72
53.0529 87.9452 1153.27
53.0634 87.9939 1153.82
53.0037 87.9381 1154.36
52.9769 87.8741 1154.91
52.9308 87.811 1155.45
52.899 87.7476 1156.0
52.8752 87.6844 1156.54
52.8547 87.6255 1157.09
52.8408 87.5532 1157.63
52.8471 87.4676 1158.18
52.8615 87.2733 1158.72
250 86.9764 1159.26
250 87.1893 1159.81
50 87.5688 1160.35
50 88.3519 1160.9
50 88.7486 1161.45
50 89.3879 1162.0
52.7235 89.6727 1162.56
52.3963 89.9153 1163.12
52.1038 90.054 1163.68
51.8163 90.1196 1164.24
51.5876 90.1133 1164.8
51.4045 90.0412 1165.36
51.2826 89.8693 1165.92
51.1991 89.5113 1166.48
51.1636 88.8457 1167.04
51.1315 88.031 1167.59
51.1028 86.7589 1168.13
51.1935 86.4342 1168.67
51.3906 86.8302 1169.21
51.7589 87.2411 1169.75
52.1482 87.9456 1170.29
52.5132 88.2166 1170.84
52.7013 88.5554 1171.39
52.7193 88.6104 1171.94
52.5859 88.7273 1172.49
52.3826 88.7143 1173.05
52.1288 88.5992 1173.6
51.9621 88.4022 1174.15
51.8306 88.0106 1174.7
51.7463 87.4036 1175.24
51.7215 86.3847 1175.78
51.6687 85.3063 1176.31
250 85.0483 1176.84
250 85.3783 1177.37
250 85.8953 1177.91
250 85.8531 1178.44
250 85.7518 1178.97
250 85.6823 1179.51
250 85.5915 1180.04
250 85.5264 1180.57
250 85.4431 1181.1
250 85.3778 1181.63
250 85.5709 1182.16
250 85.9588 1182.7
250 86.2925 1183.23
250 86.7327 1183.77
250 87.0229 1184.31
52.9892 87.5008 1184.85
52.9026 87.5734 1185.4
52.8039 87.5175 1185.94
52.6859 87.4513 1186.49
52.5897 87.3919 1187.03
52.4967 87.3269 1187.57
52.4487 87.2704 1188.12
52.4155 87.2055 1188.66
52.4133 87.1377 1189.2
52.4186 87.0498 1189.75
52.4587 86.8459 1190.29
52.4601 86.581 1190.83
250 85.8114 1191.36
250 85.8352 1191.9
250 86.1404 1192.43
250 86.1335 1192.97
50 86.0635 1193.51
50 86.0131 1194.04
250 85.9566 1194.58
250 85.8928 1195.12
250 85.8284 1195.65
250 85.766 1196.18
52.056 85.9668 1196.72
52.0462 86.1135 1197.26
52.0318 86.0654 1197.79
51.9985 86.0047 1198.33
52.0076 85.9462 1198.87
52.0157 85.8862 1199.4
250 85.8215 1199.94
250 85.7622 1200.47
250 85.6942 1201.01
250 85.9881 1201.54
52.4691 86.6118 1202.08
52.7693 87.1994 1202.62
52.9778 87.8084 1203.17
53.1372 88.1768 1203.71
53.1492 88.5337 1204.26
53.1138 88.7544 1204.82
53.0466 88.9091 1205.37
53.0013 88.9776 1205.93
52.9885 88.9819 1206.48
53.0603 88.9049 1207.03
53.2058 88.7486 1207.59
53.4869 88.3941 1208.14
250 87.7907 1208.69
250 87.7862 1209.23
250 87.9172 1209.78
250 87.9674 1210.33
250 87.8994 1210.87
250 87.8269 1211.42
250 87.7647 1211.97
250 87.6904 1212.51
250 87.6332 1213.06
250 87.5557 1213.6
250 87.6918 1214.15
250 88.1781 1214.7
250 88.4841 1215.24
250 88.8773 1215.8
250 89.327 1216.35
250 89.6015 1216.91
250 90.1166 1217.46
250 90.342 1218.03
250 90.8741 1218.59
250 91.1239 1219.15
250 91.6313 1219.72
250 91.8749 1220.29
250 92.3682 1220.86
250 92.7463 1221.44
250 93.0554 1222.01
250 93.5857 1222.59
250 93.811 1223.17
250 94.3462 1223.76
250 94.625 1224.34
250 95.1053 1224.93
250 95.4176 1225.52
250 95.8574 1226.11
250 96.2687 1226.71
250 96.6187 1227.3
250 97.0101 1227.9
250 97.3804 1228.5
250 97.7624 1229.11
250 98.1715 1229.71
250 98.5421 1230.32
250 98.9951 1230.93
250 99.392 1231.54
250 99.7392 1232.15
250 100.173 1232.77
250 100.578 1233.38
250 101.063 1234.0
250 101.454 1234.62
250 101.832 1235.25
250 102.352 1235.87
250 102.648 1236.5
250 103.152 1237.12
250 103.489 1237.75
250 103.952 1238.38
250 104.293 1239.02
250 104.708 1239.65
250 105.272 1240.28
250 105.576 1240.92
250 106.1 1241.56
250 106.519 1242.2
250 106.943 1242.84
250 107.29 1243.48
250 107.658 1244.12
250 108.251 1244.76
250 108.606 1245.4
250 109.121 1246.04
250 109.349 1246.69
250 109.955 1247.32
250 110.38 1247.92
250 110.849 1248.52
250 111.158 1249.13
250 111.705 1249.73
250 112.108 1250.34
250 112.594 1250.96
250 112.924 1251.57
250 113.497 1252.19
250 113.831 1252.81
250 114.365 1253.43
250 114.716 1254.06
250 115.287 1254.68
250 115.594 1255.31
250 116.11 1255.95
250 116.545 1256.58
250 117.065 1257.22
250 117.468 1257.86
250 117.922 1258.5
250 118.378 1259.15
250 118.844 1259.79
250 119.317 1260.44
250 119.68 1261.1
250 120.252 1261.75
250 120.626 1262.41
250 121.199 1263.07
250 121.533 1263.73
250 122.112 1264.4
250 122.352 1265.06
250 122.635 1265.73
250 122.59 1266.4
250 122.533 1267.07
250 122.486 1267.74
250 122.434 1268.41
250 122.381 1269.08
250 122.33 1269.75
250 122.275 1270.41
250 122.354 1271.08
250 122.819 1271.75
250 123.083 1272.42
250 123.468 1273.1
250 123.663 1273.77
250 124.05 1274.45
250 124.372 1275.13
250 124.677 1275.81
250 125.042 1276.49
250 125.293 1277.17
250 125.677 1277.86
250 125.85 1278.54
250 126.276 1279.23
250 126.613 1279.92
250 126.944 1280.62
250 127.175 1281.31
76.5482 127.471 1282.01
75.8087 127.856 1282.7
75.0969 128.045 1283.4
74.3848 128.304 1284.1
73.6825 128.417 1284.8
72.9883 128.561 1285.51
72.2906 128.617 1286.21
71.5896 128.643 1286.91
70.8832 128.638 1287.61
70.1753 128.578 1288.32
69.4639 128.466 1289.02
68.766 128.144 1289.72
68.0438 127.586 1290.42
67.3455 126.589 1291.11
66.6423 125.532 1291.8
65.9847 123.939 1292.48
65.2848 122.652 1293.15
64.637 120.54 1293.82
63.9605 118.803 1294.47
63.3206 117.243 1295.11
62.6422 116.919 1295.75
61.9622 116.26 1296.39
61.2649 115.42 1297.02
60.5991 114.049 1297.68
59.9546 112.712 1298.35
59.309 111.087 1299.01
58.6859 109.921 1299.66
58.0579 109.507 1300.31
57.4395 108.788 1300.95
56.809 107.723 1301.59
250 106.622 1302.23
250 106.465 1302.87
250 106.954 1303.5
250 107.226 1304.15
250 107.712 1304.79
65.197 108.249 1305.44
65.0408 108.702 1306.09
64.8244 109.022 1306.74
64.6326 109.334 1307.4
64.3958 109.491 1308.06
64.1388 109.711 1308.72
63.8781 109.803 1309.38
63.6489 109.844 1310.05
63.4509 109.842 1310.71
63.34 109.788 1311.37
63.3021 109.671 1312.04
63.2669 109.358 1312.7
63.2985 108.608 1313.36
63.3019 107.87 1314.02
63.2124 106.549 1314.67
63.186 106.455 1315.31
63.204 106.754 1315.96
63.2253 106.937 1316.61
63.24 107.147 1317.26
63.1789 107.266 1317.91
63.0743 107.317 1318.56
62.9935 107.309 1319.21
62.8663 107.257 1319.86
62.7695 107.162 1320.51
62.7251 106.809 1321.16
62.7594 106.164 1321.81
62.8417 105.461 1322.45
62.9308 104.136 1323.08
250 103.949 1323.71
250 104.241 1324.35
250 104.729 1324.98
250 105.166 1325.61
250 105.52 1326.25
250 105.968 1326.89
250 106.41 1327.54
250 106.821 1328.18
250 107.236 1328.83
250 107.612 1329.48
250 108.1 1330.13
250 108.512 1330.78
250 108.856 1331.44
250 109.365 1332.1
250 109.765 1332.76
250 110.191 1333.42
250 110.585 1334.09
250 111.017 1334.76
250 111.515 1335.43
250 111.855 1336.1
250 112.277 1336.77
250 112.77 1337.45
250 113.183 1338.13
250 113.57 1338.81
250 113.97 1339.49
250 114.363 1340.18
250 114.788 1340.86
250 115.228 1341.55
250 115.619 1342.25
250 116.059 1342.94
250 116.497 1343.64
250 116.959 1344.33
250 117.423 1345.03
250 117.804 1345.74
250 118.207 1346.44
250 118.714 1347.15
250 119.095 1347.86
250 119.529 1348.57
250 119.96 1349.28
250 120.448 1349.99
250 120.787 1350.71
250 121.257 1351.42
250 121.716 1352.14
250 122.181 1352.86
250 122.561 1353.55
250 123.046 1354.23
250 123.5 1354.91
250 123.804 1355.59
250 124.229 1356.28
250 124.433 1356.97
250 124.338 1357.65
250 124.27 1358.34
250 124.198 1359.03
250 124.126 1359.72
250 124.057 1360.4
250 123.992 1361.09
250 123.926 1361.78
250 124.103 1362.47
250 124.336 1363.16
250 124.705 1363.85
250 125.063 1364.54
250 125.328 1365.23
250 125.624 1365.93
250 125.901 1366.63
250 126.196 1367.33
250 126.483 1368.03
250 126.842 1368.73
250 127.106 1369.43
250 127.425 1370.14
250 127.778 1370.85
250 128.069 1371.56
250 128.359 1372.27
250 128.688 1372.98
250 129.035 1373.7
250 129.245 1374.41
250 129.614 1375.13
250 129.864 1375.85
250 130.143 1376.57
250 130.503 1377.29
250 130.845 1378.02
250 131.097 1378.75
250 131.469 1379.47
250 131.776 1380.21
250 132.117 1380.94
250 132.361 1381.67
250 132.709 1382.41
250 133.067 1383.14
250 133.307 1383.88
250 133.61 1384.62
250 133.965 1385.37
250 134.211 1386.11
250 134.538 1386.86
250 134.868 1387.6
250 135.214 1388.35
250 135.479 1389.1
250 135.837 1389.86
250 136.157 1390.61
250 136.495 1391.37
250 136.777 1392.13
250 137.047 1392.89
250 137.4 1393.65
250 137.686 1394.41
250 137.949 1395.17
250 138.306 1395.94
250 138.654 1396.71
250 138.913 1397.48
250 139.257 1398.25
250 139.556 1399.03
250 139.882 1399.8
250 140.214 1400.58
250 140.461 1401.36
250 140.791 1402.14
250 141.123 1402.92
250 141.444 1403.7
250 141.721 1404.49
250 142.006 1405.28
250 142.348 1406.07
250 142.588 1406.86
250 142.934 1407.65
250 143.271 1408.44
250 143.564 1409.24
250 143.88 1410.04
250 144.202 1410.84
250 144.445 1411.64
250 144.735 1412.44
250 145.066 1413.24
250 145.386 1414.05
250 145.666 1414.86
250 145.924 1415.67
250 146.238 1416.48
250 146.559 1417.29
250 146.795 1418.1
250 147.102 1418.92
250 147.373 1419.73
250 147.655 1420.55
250 147.996 1421.37
250 148.288 1422.2
250 148.585 1423.02
250 148.868 1423.85
250 149.095 1424.67
250 149.399 1425.5
250 149.698 1426.33
250 149.947 1427.16
250 150.19 1427.99
250 150.558 1428.83
250 150.839 1429.67
250 151.072 1430.5
250 151.349 1431.34
250 151.627 1432.18
250 151.93 1433.03
250 152.203 1433.87
250 152.419 1434.71
250 152.671 1435.56
250 152.996 1436.41
250 153.259 1437.26
250 153.5 1438.11
250 153.787 1438.96
250 154.082 1439.82
250 154.302 1440.67
250 154.555 1441.53
250 154.823 1442.39
250 155.093 1443.25
250 155.387 1444.11
250 155.616 1444.97
250 155.893 1445.84
250 156.16 1446.71
250 156.407 1447.57
250 156.669 1448.44
250 156.906 1449.31
250 157.142 1450.18
250 157.466 1451.06
250 157.702 1451.93
250 157.977 1452.81
250 158.223 1453.69
250 158.489 1454.57
250 158.764 1455.45
250 159.01 1456.33
250 159.217 1457.21
250 159.444 1458.1
250 159.748 1458.98
250 159.99 1459.87
250 160.229 1460.76
250 160.466 1461.65
250 160.725 1462.54
250 160.999 1463.43
250 161.259 1464.33
250 161.473 1465.22
250 161.76 1466.12
250 162.014 1467.02
250 162.273 1467.92
250 162.517 1468.82
250 162.725 1469.72
250 162.939 1470.63
250 162.956 1471.53
250 162.795 1472.44
250 162.635 1473.34
250 162.472 1474.24
250 162.312 1475.14
250 162.152 1476.04
250 161.994 1476.94
250 161.833 1477.84
250 161.904 1478.74
250 162.017 1479.64
250 162.157 1480.54
250 162.363 1481.44
250 162.511 1482.34
250 162.627 1483.25
250 162.743 1484.15
250 162.898 1485.05
250 163.059 1485.96
250 163.212 1486.86
250 163.363 1487.77
250 163.502 1488.68
250 163.622 1489.59
250 163.79 1490.5
250 163.947 1491.41
250 164.091 1492.32
250 164.22 1493.23
250 164.351 1494.14
250 164.491 1495.05
250 164.666 1495.97
250 164.836 1496.88
250 164.966 1497.8
250 165.08 1498.71
250 165.212 1499.63
250 165.379 1500.55
250 165.533 1501.47
250 165.698 1502.39
250 165.846 1503.31
250 165.952 1504.23
250 166.099 1505.15
250 166.272 1506.07
250 166.439 1507.0
250 166.599 1507.92
250 166.747 1508.85
250 166.889 1509.77
250 167.05 1510.7
250 167.193 1511.63
250 167.367 1512.56
250 167.529 1513.49
250 167.674 1514.42
250 167.805 1515.35
250 167.951 1516.28
250 168.086 1517.22
250 168.248 1518.15
250 168.404 1519.08
250 168.568 1520.02
250 168.732 1520.96
250 168.883 1521.89
250 169.05 1522.83
250 169.224 1523.77
250 169.387 1524.71
250 169.55 1525.65
250 169.671 1526.6
250 169.829 1527.54
250 169.997 1528.48
250 170.151 1529.43
250 170.323 1530.37
250 170.511 1531.32
250 170.691 1532.27
250 170.867 1533.22
250 170.948 1534.16
250 171.144 1535.11
250 171.33 1536.07
250 171.536 1537.02
250 171.724 1537.97
250 171.903 1538.92
250 172.089 1539.88
250 172.26 1540.84
250 172.374 1541.79
250 172.54 1542.75
250 172.712 1543.71
250 172.904 1544.67
250 173.104 1545.63
250 173.321 1546.59
250 173.515 1547.56
250 173.662 1548.52
250 173.76 1549.49
250 173.964 1550.45
250 174.183 1551.42
250 174.413 1552.39
250 174.613 1553.36
250 174.818 1554.33
250 175.018 1555.3
250 175.161 1556.27
250 175.296 1557.24
250 175.476 1558.22
250 175.685 1559.19
250 175.949 1560.17
250 176.175 1561.15
250 176.395 1562.13
250 176.612 1563.11
250 176.78 1564.09
250 176.98 1565.07
250 177.164 1566.05
250 177.377 1567.04
250 177.622 1568.03
250 177.841 1569.01
250 178.06 1570.0
250 178.277 1570.99
250 178.43 1571.98
250 178.667 1572.97
250 178.932 1573.97
250 179.169 1574.96
250 179.386 1575.96
250 179.607 1576.95
250 179.825 1577.95
250 180.0 1578.95
250 180.198 1579.95
250 180.444 1580.95
250 180.683 1581.96
250 180.93 1582.96
250 181.165 1583.97
250 181.396 1584.97
250 181.617 1585.98
250 181.83 1586.99
250 182.051 1588.0
250 182.277 1589.01
250 182.507 1590.03
250 182.739 1591.04
250 182.974 1592.06
250 183.202 1593.07
250 183.427 1594.09
250 183.665 1595.11
250 183.918 1596.13
250 184.158 1597.15
250 184.387 1598.18
250 184.618 1599.2
250 184.851 1600.23
250 185.046 1601.26
250 185.262 1602.28
250 185.517 1603.31
250 185.758 1604.34
250 186.008 1605.38
250 186.263 1606.41
250 186.499 1607.45
250 186.741 1608.48
250 186.97 1609.52
250 187.204 1610.56
250 187.421 1611.6
250 187.658 1612.64
250 187.897 1613.69
250 188.145 1614.73
250 188.393 1615.78
250 188.624 1616.82
250 188.864 1617.87
250 189.114 1618.92
250 189.354 1619.97
250 189.588 1621.03
250 189.821 1622.08
250 190.054 1623.14
250 190.275 1624.19
250 190.517 1625.25
250 190.756 1626.31
250 191.013 1627.37
250 191.262 1628.43
250 191.498 1629.5
250 191.731 1630.56
250 191.947 1631.63
250 192.179 1632.69
250 192.42 1633.76
250 192.681 1634.83
250 192.905 1635.9
250 193.156 1636.98
250 193.384 1638.05
250 193.613 1639.12
250 193.841 1640.2
250 194.074 1641.28
250 194.333 1642.36
250 194.563 1643.44
250 194.789 1644.52
250 195.02 1645.6
250 195.244 1646.69
250 195.486 1647.77
250 195.727 1648.86
250 195.953 1649.95
250 196.181 1651.04
250 196.401 1652.13
250 196.635 1653.22
250 196.864 1654.31
250 197.085 1655.4
250 197.31 1656.5
250 197.526 1657.6
250 197.752 1658.69
250 197.992 1659.79
250 198.222 1660.89
250 198.411 1662.0
250 198.633 1663.1
250 198.865 1664.2
250 199.091 1665.31
250 199.319 1666.41
250 199.533 1667.52
250 199.757 1668.63
250 199.95 1669.74
250 200.176 1670.85
250 200.399 1671.96
250 200.609 1673.08
250 200.811 1674.19
250 201.028 1675.31
250 201.24 1676.42
250 201.431 1677.54
250 201.413 1678.66
250 201.29 1679.78
250 201.167 1680.9
250 201.038 1682.01
250 200.908 1683.13
250 200.774 1684.24
250 200.634 1685.36
250 200.496 1686.47
250 200.567 1687.58
250 200.697 1688.7
250 200.83 1689.81
250 200.966 1690.93
250 201.081 1692.04
250 201.205 1693.16
250 201.322 1694.27
250 201.454 1695.39
250 201.582 1696.51
250 201.692 1697.63
250 201.835 1698.75
250 201.94 1699.87
250 202.048 1700.99
250 202.164 1702.11
250 202.278 1703.23
250 202.38 1704.35
250 202.491 1705.47
250 202.612 1706.6
250 202.717 1707.72
250 202.813 1708.84
250 202.919 1709.97
250 203.018 1711.09
250 203.108 1712.22
250 203.213 1713.34
250 203.346 1714.47
250 203.455 1715.6
250 203.556 1716.72
250 203.667 1717.85
250 203.767 1718.98
250 203.853 1720.11
250 203.955 1721.24
250 204.061 1722.37
250 204.185 1723.5
250 204.28 1724.63
250 204.379 1725.76
250 204.507 1726.89
250 204.605 1728.02
250 204.71 1729.15
250 204.814 1730.28
250 204.935 1731.42
250 205.043 1732.55
250 205.149 1733.69
250 205.248 1734.82
250 205.376 1735.96
250 205.483 1737.09
250 205.593 1738.23
250 205.694 1739.37
250 205.799 1740.51
250 205.914 1741.65
250 206.029 1742.78
250 206.149 1743.92
250 206.242 1745.06
250 206.346 1746.21
250 206.472 1747.35
250 206.576 1748.49
250 206.687 1749.63
250 206.794 1750.78
250 206.9 1751.92
250 206.992 1753.06
250 207.103 1754.21
250 207.211 1755.36
250 207.317 1756.5
250 207.405 1757.65
250 207.517 1758.8
250 207.616 1759.94
250 207.729 1761.09
250 207.822 1762.25
250 207.934 1763.44
250 208.041 1764.62
250 208.153 1765.81
250 208.258 1767.0
250 208.366 1768.19
250 208.482 1769.39
250 208.58 1770.58
250 208.692 1771.78
250 208.785 1772.97
250 208.902 1774.17
250 209.006 1775.36
250 209.114 1776.56
250 209.213 1777.75
250 209.325 1778.94
250 209.441 1780.11
250 209.531 1781.27
250 209.629 1782.43
250 209.733 1783.6
250 209.841 1784.76
250 209.95 1785.92
250 210.058 1787.08
250 210.152 1788.25
250 210.263 1789.41
250 210.367 1790.57
250 210.457 1791.74
250 210.563 1792.91
250 210.675 1794.07
250 210.781 1795.24
250 210.872 1796.41
250 210.965 1797.57
250 211.066 1798.74
250 211.172 1799.91
